0.0462458
0.0462458
0.0512458
0.0712458
0.0712458
0.0662458
0.0962458
0.1012458
0.1162458
0.1212458
0.1162458
0.1062458
0.0912458
0.1012458
0.0962458
0.0962458
0.0962458
0.0912458
0.0862458
0.0812458
0.0862458
0.1012458
0.1112458
0.1162458
0.0762458
0.0362458
0.0362458
0.0212458
0.0112458
-0.0087542
-0.0087542
-0.0037542
0.0062458
0.0012458
0.0062458
-0.0037542
-0.0187542
-0.0237542
-0.0187542
-0.0187542
-0.0287542
-0.0237542
-0.0337542
-0.0087542
-0.0137542
-0.0087542
0.0012458
-0.0237542
-0.0337542
-0.0187542
-0.0087542
-0.0037542
-0.0087542
-0.0287542
-0.0437542
-0.0387542
-0.0587542
-0.1037542
-0.1237542
-0.1537542
-0.1887542
-0.2137542
-0.1837542
-0.0937542
0.0212458
0.1612458
0.3062458
0.5562458
0.8112458
1.0412458
1.1962458
1.2612458
1.2262458
1.0762458
0.8112458
0.4862458
0.2112458
0.0512458
-0.0687542
-0.1287542
-0.1537542
-0.1337542
-0.1037542
-0.0687542
-0.0687542
-0.0637542
-0.0687542
-0.0587542
-0.0587542
-0.0587542
-0.0737542
-0.0637542
-0.0637542
-0.0637542
-0.0537542
-0.0737542
-0.0887542
-0.0887542
-0.0787542
-0.0737542
-0.0687542
-0.0837542
-0.0737542
-0.0637542
-0.0537542
-0.0687542
-0.0687542
-0.0837542
-0.0887542
-0.0887542
-0.0687542
-0.0687542
-0.0737542
-0.0837542
-0.0937542
-0.0787542
-0.0887542
-0.0837542
-0.0887542
-0.0937542
-0.0887542
-0.0787542
-0.0787542
-0.0737542
-0.0687542
-0.0837542
-0.0887542
-0.0687542
-0.0687542
-0.0637542
-0.0637542
-0.0887542
-0.0837542
-0.0737542
-0.0687542
-0.0537542
-0.0687542
-0.0737542
-0.0887542
-0.0787542
-0.0687542
-0.0687542
-0.0637542
-0.0837542
-0.0937542
-0.0937542
-0.0787542
-0.0737542
-0.0837542
-0.0937542
-0.0987542
-0.0987542
-0.0887542
-0.0937542
-0.1037542
-0.0987542
-0.1137542
-0.1087542
-0.1087542
-0.0987542
-0.1087542
-0.1287542
-0.1337542
-0.1287542
-0.1137542
-0.1237542
-0.1287542
-0.1337542
-0.1487542
-0.1387542
-0.1337542
-0.1287542
-0.1337542
-0.1487542
-0.1537542
-0.1387542
-0.1287542
-0.1237542
-0.1187542
-0.1137542
-0.1187542
-0.0887542
-0.0737542
-0.0487542
-0.0437542
-0.0387542
-0.0437542
-0.0187542
-0.0037542
0.0062458
0.0012458
-0.0087542
-0.0087542
0.0012458
0.0112458
0.0212458
0.0212458
0.0012458
0.0012458
0.0062458
0.0162458
0.0162458
0.0262458
0.0012458
-0.0087542
0.0162458
0.0112458
0.0212458
0.0212458
0.0012458
-0.0037542
0.0112458
0.0162458
0.0062458
0.0162458
0.0062458
0.0062458
0.0112458
0.0262458
0.0312458
0.0162458
0.0112458
0.0012458
0.0062458
0.0212458
0.0062458
0.0062458
0.0062458
-0.0087542
0.0062458
0.0012458
0.0062458
-0.0037542
-0.0137542
-0.0187542
-0.0137542
-0.0137542
-0.0087542
-0.0037542
-0.0237542
-0.0287542
-0.0237542
-0.0137542
-0.0087542
-0.0087542
-0.0237542
-0.0237542
-0.0237542
0.0012458
-0.0087542
-0.0137542
-0.0187542
-0.0337542
-0.0137542
-0.0087542
-0.0087542
